-3.000000 0.004432
-2.939394 0.005306
-2.878788 0.006329
-2.818182 0.007521
-2.757576 0.008906
-2.696970 0.010506
-2.636364 0.012349
-2.575758 0.014462
-2.515152 0.016875
-2.454545 0.019617
-2.393939 0.022722
-2.333333 0.026222
-2.272727 0.030150
-2.212121 0.034539
-2.151515 0.039421
-2.090909 0.044829
-2.030303 0.050793
-1.969697 0.057338
-1.909091 0.064490
-1.848485 0.072267
-1.787879 0.080686
-1.727273 0.089755
-1.666667 0.099477
-1.606061 0.109848
-1.545455 0.120856
-1.484848 0.132480
-1.424242 0.144689
-1.363636 0.157443
-1.303030 0.170694
-1.242424 0.184382
-1.181818 0.198437
-1.121212 0.212780
-1.060606 0.227324
-1.000000 0.241971
-0.939394 0.256617
-0.878788 0.271153
-0.818182 0.285461
-0.757576 0.299423
-0.696970 0.312916
-0.636364 0.325817
-0.575758 0.338008
-0.515152 0.349368
-0.454545 0.359787
-0.393939 0.369157
-0.333333 0.377383
-0.272727 0.384378
-0.212121 0.390067
-0.151515 0.394389
-0.090909 0.397297
-0.030303 0.398759
0.030303 0.398759
0.090909 0.397297
0.151515 0.394389
0.212121 0.390067
0.272727 0.384378
0.333333 0.377383
0.393939 0.369157
0.454545 0.359787
0.515152 0.349368
0.575758 0.338008
0.636364 0.325817
0.696970 0.312916
0.757576 0.299423
0.818182 0.285461
0.878788 0.271153
0.939394 0.256617
1.000000 0.241971
1.060606 0.227324
1.121212 0.212780
1.181818 0.198437
1.242424 0.184382
1.303030 0.170694
1.363636 0.157443
1.424242 0.144689
1.484848 0.132480
1.545455 0.120856
1.606061 0.109848
1.666667 0.099477
1.727273 0.089755
1.787879 0.080686
1.848485 0.072267
1.909091 0.064490
1.969697 0.057338
2.030303 0.050793
2.090909 0.044829
2.151515 0.039421
2.212121 0.034539
2.272727 0.030150
2.333333 0.026222
2.393939 0.022722
2.454545 0.019617
2.515152 0.016875
2.575758 0.014462
2.636364 0.012349
2.696970 0.010506
2.757576 0.008906
2.818182 0.007521
2.878788 0.006329
2.939394 0.005306
3.000000 0.004432
